0.020000 , 0.500000 , 0.000000 
0.040000 , 0.500000 , 0.000000 
0.060000 , 0.500000 , 0.000000 
0.080000 , 0.500000 , 0.000000 
0.100000 , 0.500000 , 0.000000 
0.120000 , 0.500000 , 0.000000 
0.140000 , 0.500000 , 0.000000 
0.160000 , 0.500000 , 0.000000 
0.180000 , 0.500000 , 0.000000 
0.200000 , 0.500000 , 0.000000 
0.220000 , 0.500000 , 0.000000 
0.240000 , 0.500000 , 0.000000 
0.260000 , 0.500000 , 0.000000 
0.280000 , 0.500000 , 0.000000 
0.300000 , 0.500000 , 0.000000 
0.320000 , 0.500000 , 0.000000 
0.340000 , 0.500000 , 0.000000 
0.360000 , 0.500000 , 0.000000 
0.380000 , 0.500000 , 0.000000 
0.400000 , 0.500000 , 0.000000 
0.420000 , 0.500000 , 0.000000 
0.440000 , 0.500000 , 0.000000 
0.460000 , 0.500000 , 0.000000 
0.480000 , 0.500000 , 0.000000 
0.500000 , 0.500000 , 0.000000 
0.520000 , 0.500000 , 0.000000 
0.540000 , 0.500000 , 0.000000 
0.560000 , 0.500000 , 0.000000 
0.580000 , 0.500000 , 0.000000 
0.600000 , 0.500000 , 0.000000 
0.620000 , 0.500000 , 0.000000 
0.640000 , 0.500000 , 0.000000 
0.660000 , 0.500000 , 0.000000 
0.680000 , 0.500000 , 0.000000 
0.700000 , 0.500000 , 0.000000 
0.720000 , 0.500000 , 0.000000 
0.740000 , 0.500000 , 0.000000 
0.760000 , 0.500000 , 0.000000 
0.780000 , 0.500000 , 0.000000 
0.800000 , 0.500000 , 0.000000 
0.820000 , 0.500000 , 0.000000 
0.840000 , 0.500000 , 0.000000 
0.860000 , 0.500000 , 0.000000 
0.880000 , 0.500000 , 0.000000 
0.900000 , 0.500000 , 0.000000 
0.920000 , 0.500000 , 0.000000 
0.940000 , 0.500000 , 0.000000 
0.960000 , 0.500000 , 0.000000 
0.980000 , 0.500000 , 0.000000 
1.000000 , 0.500000 , 0.000000 
1.020000 , 0.500000 , 0.000000 
1.040000 , 0.500000 , 0.000000 
1.060000 , 0.500000 , 0.000000 
1.080000 , 0.500000 , 0.000000 
1.100000 , 0.500000 , 0.000000 
1.120000 , 0.500000 , 0.000000 
1.140000 , 0.500000 , 0.000000 
1.159999 , 0.500000 , 0.000000 
1.179999 , 0.500000 , 0.000000 
1.199999 , 0.500000 , 0.000000 
1.219999 , 0.500000 , 0.000000 
1.239999 , 0.500000 , 0.000000 
1.259999 , 0.500000 , 0.000000 
1.279999 , 0.500000 , 0.000000 
1.299999 , 0.500000 , 0.000000 
1.319999 , 0.500000 , 0.000000 
1.339999 , 0.500000 , 0.000000 
1.359999 , 0.500000 , 0.000000 
1.379999 , 0.500000 , 0.000000 
1.399999 , 0.500000 , 0.000000 
1.419999 , 0.500000 , 0.000000 
1.439999 , 0.500000 , 0.000000 
1.459999 , 0.500000 , 0.000000 
1.479999 , 0.500000 , 0.000000 
1.499999 , 0.500000 , 0.000000 
1.519999 , 0.500000 , 0.000000 
1.539999 , 0.500000 , 0.000000 
1.559999 , 0.500000 , 0.000000 
1.579999 , 0.500000 , 0.000000 
1.599999 , 0.500000 , 0.000000 
1.619999 , 0.500000 , 0.000000 
1.639999 , 0.500000 , 0.000000 
1.659999 , 0.500000 , 0.000000 
1.679999 , 0.500000 , 0.000000 
1.699999 , 0.500000 , 0.000000 
1.719999 , 0.500000 , 0.000000 
1.739999 , 0.500000 , 0.000000 
1.759999 , 0.500000 , 0.000000 
1.779999 , 0.500000 , 0.000000 
1.799999 , 0.500000 , 0.000000 
1.819999 , 0.500000 , 0.000000 
1.839999 , 0.500000 , 0.000000 
1.859999 , 0.500000 , 0.000000 
1.879999 , 0.500000 , 0.000000 
1.899999 , 0.500000 , 0.000000 
1.919999 , 0.500000 , 0.000000 
1.939999 , 0.500000 , 0.000000 
1.959999 , 0.500000 , 0.000000 
1.979999 , 0.500000 , 0.000000 
1.999999 , 0.500000 , 0.000000 
2.019999 , 0.500000 , 0.000000 
2.039999 , 0.500000 , 0.000000 
2.059999 , 0.500000 , 0.000000 
2.079999 , 0.500000 , 0.000000 
2.099999 , 0.500000 , 0.000000 
2.119999 , 0.500000 , 0.000000 
2.139999 , 0.500000 , 0.000000 
2.159999 , 0.500000 , 0.000000 
2.179999 , 0.500000 , 0.000000 
2.199999 , 0.500000 , 0.000000 
2.219999 , 0.500000 , 0.000000 
2.239999 , 0.500000 , 0.000000 
2.259999 , 0.500000 , 0.000000 
2.279999 , 0.500000 , 0.000000 
2.299999 , 0.500000 , 0.000000 
2.319999 , 0.500000 , 0.000000 
2.339998 , 0.500000 , 0.000000 
2.359998 , 0.500000 , 0.000000 
2.379998 , 0.500000 , 0.000000 
2.399998 , 0.500000 , 0.000000 
2.419998 , 0.500000 , 0.000000 
2.439998 , 0.500000 , 0.000000 
2.459998 , 0.500000 , 0.000000 
2.479998 , 0.500000 , 0.000000 
2.499998 , 0.500000 , 0.000000 
2.519998 , 0.500000 , 0.000000 
2.539998 , 0.500000 , 0.000000 
2.559998 , 0.500000 , 0.000000 
2.579998 , 0.500000 , 0.000000 
2.599998 , 0.500000 , 0.000000 
2.619998 , 0.500000 , 0.000000 
2.639998 , 0.500000 , 0.000000 
2.659998 , 0.500000 , 0.000000 
2.679998 , 0.500000 , 0.000000 
2.699998 , 0.500000 , 0.000000 
2.719998 , 0.500000 , 0.000000 
2.739998 , 0.500000 , 0.000000 
2.759998 , 0.500000 , 0.000000 
2.779998 , 0.500000 , 0.000000 
2.799998 , 0.500000 , 0.000000 
2.819998 , 0.500000 , 0.000000 
2.839998 , 0.500000 , 0.000000 
2.859998 , 0.500000 , 0.000000 
2.879998 , 0.500000 , 0.000000 
2.899998 , 0.500000 , 0.000000 
2.919998 , 0.500000 , 0.000000 
2.939998 , 0.500000 , 0.000000 
2.959998 , 0.500000 , 0.000000 
2.979998 , 0.500000 , 0.000000 
2.999998 , 0.500000 , 0.000000 
3.019998 , 0.500000 , 0.000000 
3.039998 , 0.500000 , 0.000000 
3.059998 , 0.500000 , 0.000000 
3.079998 , 0.500000 , 0.000000 
3.099998 , 0.500000 , 0.000000 
3.119998 , 0.500000 , 0.000000 
3.139998 , 0.500000 , 0.000000 
3.159998 , 0.500000 , 0.000000 
3.179998 , 0.500000 , 0.000000 
3.199998 , 0.500000 , 0.000000 
3.219998 , 0.500000 , 0.000000 
3.239998 , 0.500000 , 0.000000 
3.259998 , 0.500000 , 0.000000 
3.279998 , 0.500000 , 0.000000 
3.299998 , 0.500000 , 0.000000 
3.319998 , 0.500000 , 0.000000 
3.339998 , 0.500000 , 0.000000 
3.359998 , 0.500000 , 0.000000 
3.379997 , 0.500000 , 0.000000 
3.399997 , 0.500000 , 0.000000 
3.419997 , 0.500000 , 0.000000 
3.439997 , 0.500000 , 0.000000 
3.459997 , 0.500000 , 0.000000 
3.479997 , 0.500000 , 0.000000 
3.499997 , 0.500000 , 0.000000 
3.519997 , 0.500000 , 0.000000 
3.539997 , 0.500000 , 0.000000 
3.559997 , 0.500000 , 0.000000 
3.579997 , 0.500000 , 0.000000 
3.599997 , 0.500000 , 0.000000 
3.619997 , 0.500000 , 0.000000 
3.639997 , 0.500000 , 0.000000 
3.659997 , 0.500000 , 0.000000 
3.679997 , 0.500000 , 0.000000 
3.699997 , 0.500000 , 0.000000 
3.719997 , 0.500000 , 0.000000 
3.739997 , 0.500000 , 0.000000 
3.759997 , 0.500000 , 0.000000 
3.779997 , 0.500000 , 0.000000 
3.799997 , 0.500000 , 0.000000 
3.819997 , 0.500000 , 0.000000 
3.839997 , 0.500000 , 0.000000 
3.859997 , 0.500000 , 0.000000 
3.879997 , 0.500000 , 0.000000 
3.899997 , 0.500000 , 0.000000 
3.919997 , 0.500000 , 0.000000 
3.939997 , 0.500000 , 0.000000 
3.959997 , 0.500000 , 0.000000 
3.979997 , 0.500000 , 0.000000 
3.999997 , 0.500000 , 0.000000 
4.019997 , 0.500000 , 0.000000 
4.039997 , 0.500000 , 0.000000 
4.059997 , 0.500000 , 0.000000 
4.079997 , 0.500000 , 0.000000 
4.099997 , 0.500000 , 0.000000 
4.119997 , 0.500000 , 0.000000 
4.139997 , 0.500000 , 0.000000 
4.159997 , 0.500000 , 0.000000 
4.179997 , 0.500000 , 0.000000 
4.199997 , 0.500000 , 0.000000 
4.219997 , 0.500000 , 0.000000 
4.239997 , 0.500000 , 0.000000 
4.259997 , 0.500000 , 0.000000 
4.279997 , 0.500000 , 0.000000 
4.299997 , 0.500000 , 0.000000 
4.319997 , 0.500000 , 0.000000 
4.339997 , 0.500000 , 0.000000 
4.359997 , 0.500000 , 0.000000 
4.379997 , 0.500000 , 0.000000 
4.399997 , 0.500000 , 0.000000 
4.419997 , 0.500000 , 0.000000 
4.439997 , 0.500000 , 0.000000 
4.459997 , 0.500000 , 0.000000 
4.479997 , 0.500000 , 0.000000 
4.499997 , 0.500000 , 0.000000 
4.519997 , 0.500000 , 0.000000 
4.539997 , 0.500000 , 0.000000 
4.559997 , 0.500000 , 0.000000 
4.579997 , 0.500000 , 0.000000 
4.599997 , 0.500000 , 0.000000 
4.619997 , 0.500000 , 0.000000 
4.639997 , 0.500000 , 0.000000 
4.659997 , 0.500000 , 0.000000 
4.679996 , 0.500000 , 0.000000 
4.699996 , 0.500000 , 0.000000 
4.719996 , 0.500000 , 0.000000 
4.739996 , 0.500000 , 0.000000 
4.759996 , 0.500000 , 0.000000 
4.779996 , 0.500000 , 0.000000 
4.799996 , 0.500000 , 0.000000 
4.819996 , 0.500000 , 0.000000 
4.839996 , 0.500000 , 0.000000 
4.859996 , 0.500000 , 0.000000 
4.879996 , 0.500000 , 0.000000 
4.899996 , 0.500000 , 0.000000 
4.919996 , 0.500000 , 0.000000 
4.939996 , 0.500000 , 0.000000 
4.959996 , 0.500000 , 0.000000 
4.979996 , 0.500000 , 0.000000 
4.999996 , 0.500000 , 0.000000 
5.019996 , 0.500000 , 0.000000 
5.039996 , 0.500000 , 0.000000 
5.059996 , 0.500000 , 0.000000 
5.079996 , 0.500000 , 0.000000 
5.099996 , 0.500000 , 0.000000 
5.119996 , 0.500000 , 0.000000 
5.139996 , 0.500000 , 0.000000 
5.159996 , 0.500000 , 0.000000 
5.179996 , 0.500000 , 0.000000 
5.199996 , 0.500000 , 0.000000 
5.219996 , 0.500000 , 0.000000 
5.239996 , 0.500000 , 0.000000 
5.259996 , 0.500000 , 0.000000 
5.279996 , 0.500000 , 0.000000 
5.299996 , 0.500000 , 0.000000 
5.319996 , 0.500000 , 0.000000 
5.339996 , 0.500000 , 0.000000 
5.359996 , 0.500000 , 0.000000 
5.379996 , 0.500000 , 0.000000 
5.399996 , 0.500000 , 0.000000 
5.419996 , 0.500000 , 0.000000 
5.439996 , 0.500000 , 0.000000 
5.459996 , 0.500000 , 0.000000 
5.479996 , 0.500000 , 0.000000 
5.499996 , 0.500000 , 0.000000 
5.519996 , 0.500000 , 0.000000 
5.539996 , 0.500000 , 0.000000 
5.559996 , 0.500000 , 0.000000 
5.579996 , 0.500000 , 0.000000 
5.599996 , 0.500000 , 0.000000 
5.619996 , 0.500000 , 0.000000 
5.639996 , 0.500000 , 0.000000 
5.659996 , 0.500000 , 0.000000 
5.679996 , 0.500000 , 0.000000 
5.699996 , 0.500000 , 0.000000 
5.719995 , 0.500000 , 0.000000 
5.739995 , 0.500000 , 0.000000 
5.759995 , 0.500000 , 0.000000 
5.779995 , 0.500000 , 0.000000 
5.799995 , 0.500000 , 0.000000 
5.819995 , 0.500000 , 0.000000 
5.839995 , 0.500000 , 0.000000 
5.859995 , 0.500000 , 0.000000 
5.879995 , 0.500000 , 0.000000 
5.899995 , 0.500000 , 0.000000 
5.919995 , 0.500000 , 0.000000 
5.939995 , 0.500000 , 0.000000 
5.959995 , 0.500000 , 0.000000 
5.979995 , 0.500000 , 0.000000 
5.999995 , 0.500000 , 0.000000 
6.019995 , 0.500000 , 0.000000 
6.039995 , 0.500000 , 0.000000 
6.059995 , 0.500000 , 0.000000 
6.079995 , 0.500000 , 0.000000 
6.099995 , 0.500000 , 0.000000 
6.119995 , 0.500000 , 0.000000 
6.139995 , 0.500000 , 0.000000 
6.159995 , 0.500000 , 0.000000 
6.179995 , 0.500000 , 0.000000 
6.199995 , 0.500000 , 0.000000 
6.219995 , 0.500000 , 0.000000 
6.239995 , 0.500000 , 0.000000 
6.259995 , 0.500000 , 0.000000 
6.279995 , 0.500000 , 0.000000 
6.299995 , 0.500000 , 0.000000 
6.319995 , 0.500000 , 0.000000 
6.339995 , 0.500000 , 0.000000 
6.359995 , 0.500000 , 0.000000 
6.379995 , 0.500000 , 0.000000 
6.399995 , 0.500000 , 0.000000 
6.419995 , 0.500000 , 0.000000 
6.439995 , 0.500000 , 0.000000 
6.459995 , 0.500000 , 0.000000 
6.479995 , 0.500000 , 0.000000 
6.499995 , 0.500000 , 0.000000 
6.519995 , 0.500000 , 0.000000 
6.539995 , 0.500000 , 0.000000 
6.559995 , 0.500000 , 0.000000 
6.579995 , 0.500000 , 0.000000 
6.599995 , 0.500000 , 0.000000 
6.619995 , 0.500000 , 0.000000 
6.639995 , 0.500000 , 0.000000 
6.659995 , 0.500000 , 0.000000 
6.679995 , 0.500000 , 0.000000 
6.699995 , 0.500000 , 0.000000 
6.719995 , 0.500000 , 0.000000 
6.739995 , 0.500000 , 0.000000 
6.759995 , 0.500000 , 0.000000 
6.779994 , 0.500000 , 0.000000 
6.799994 , 0.500000 , 0.000000 
6.819994 , 0.500000 , 0.000000 
6.839994 , 0.500000 , 0.000000 
6.859994 , 0.500000 , 0.000000 
6.879994 , 0.500000 , 0.000000 
6.899994 , 0.500000 , 0.000000 
6.919994 , 0.500000 , 0.000000 
6.939994 , 0.500000 , 0.000000 
6.959994 , 0.500000 , 0.000000 
6.979994 , 0.500000 , 0.000000 
6.999994 , 0.500000 , 0.000000 
7.019994 , 0.500000 , 0.000000 
7.039994 , 0.500000 , 0.000000 
7.059994 , 0.500000 , 0.000000 
7.079994 , 0.500000 , 0.000000 
7.099994 , 0.500000 , 0.000000 
7.119994 , 0.500000 , 0.000000 
7.139994 , 0.500000 , 0.000000 
7.159994 , 0.500000 , 0.000000 
7.179994 , 0.500000 , 0.000000 
7.199994 , 0.500000 , 0.000000 
7.219994 , 0.500000 , 0.000000 
7.239994 , 0.500000 , 0.000000 
7.259994 , 0.500000 , 0.000000 
7.279994 , 0.500000 , 0.000000 
7.299994 , 0.500000 , 0.000000 
7.319994 , 0.500000 , 0.000000 
7.339994 , 0.500000 , 0.000000 
7.359994 , 0.500000 , 0.000000 
7.379994 , 0.500000 , 0.000000 
7.399994 , 0.500000 , 0.000000 
7.419994 , 0.500000 , 0.000000 
7.439994 , 0.500000 , 0.000000 
7.459994 , 0.500000 , 0.000000 
7.479994 , 0.500000 , 0.000000 
7.499994 , 0.500000 , 0.000000 
7.519994 , 0.500000 , 0.000000 
7.539994 , 0.500000 , 0.000000 
7.559994 , 0.500000 , 0.000000 
7.579994 , 0.500000 , 0.000000 
7.599994 , 0.500000 , 0.000000 
7.619994 , 0.500000 , 0.000000 
7.639994 , 0.500000 , 0.000000 
7.659994 , 0.500000 , 0.000000 
7.679994 , 0.500000 , 0.000000 
7.699994 , 0.500000 , 0.000000 
7.719994 , 0.500000 , 0.000000 
7.739994 , 0.500000 , 0.000000 
7.759994 , 0.500000 , 0.000000 
7.779994 , 0.500000 , 0.000000 
7.799994 , 0.500000 , 0.000000 
7.819993 , 0.500000 , 0.000000 
7.839993 , 0.500000 , 0.000000 
7.859993 , 0.500000 , 0.000000 
7.879993 , 0.500000 , 0.000000 
7.899993 , 0.500000 , 0.000000 
7.919993 , 0.500000 , 0.000000 
7.939993 , 0.500000 , 0.000000 
7.959993 , 0.500000 , 0.000000 
7.979993 , 0.500000 , 0.000000 
7.999993 , 0.500000 , 0.000000 
8.019994 , 0.500000 , 0.000000 
8.039994 , 0.500000 , 0.000000 
8.059995 , 0.500000 , 0.000000 
8.079995 , 0.500000 , 0.000000 
8.099996 , 0.500000 , 0.000000 
8.119996 , 0.500000 , 0.000000 
8.139997 , 0.500000 , 0.000000 
8.159997 , 0.500000 , 0.000000 
8.179997 , 0.500000 , 0.000000 
8.199998 , 0.500000 , 0.000000 
8.219998 , 0.500000 , 0.000000 
8.239999 , 0.500000 , 0.000000 
8.259999 , 0.500000 , 0.000000 
8.280000 , 0.500000 , 0.000000 
8.300000 , 0.500000 , 0.000000 
8.320001 , 0.500000 , 0.000000 
8.340001 , 0.500000 , 0.000000 
8.360002 , 0.500000 , 0.000000 
8.380002 , 0.500000 , 0.000000 
8.400002 , 0.500000 , 0.000000 
8.420003 , 0.500000 , 0.000000 
8.440003 , 0.500000 , 0.000000 
8.460004 , 0.500000 , 0.000000 
8.480004 , 0.500000 , 0.000000 
8.500005 , 0.500000 , 0.000000 
8.520005 , 0.500000 , 0.000000 
8.540006 , 0.500000 , 0.000000 
8.560006 , 0.500000 , 0.000000 
8.580007 , 0.500000 , 0.000000 
8.600007 , 0.500000 , 0.000000 
8.620008 , 0.500000 , 0.000000 
8.640008 , 0.500000 , 0.000000 
8.660008 , 0.500000 , 0.000000 
8.680009 , 0.500000 , 0.000000 
8.700009 , 0.500000 , 0.000000 
8.720010 , 0.500000 , 0.000000 
8.740010 , 0.500000 , 0.000000 
8.760011 , 0.500000 , 0.000000 
8.780011 , 0.500000 , 0.000000 
8.800012 , 0.500000 , 0.000000 
8.820012 , 0.500000 , 0.000000 
8.840013 , 0.500000 , 0.000000 
8.860013 , 0.500000 , 0.000000 
8.880013 , 0.500000 , 0.000000 
8.900014 , 0.500000 , 0.000000 
8.920014 , 0.500000 , 0.000000 
8.940015 , 0.500000 , 0.000000 
8.960015 , 0.500000 , 0.000000 
8.980016 , 0.500000 , 0.000000 
9.000016 , 0.500000 , 0.000000 
9.020017 , 0.500000 , 0.000000 
9.040017 , 0.500000 , 0.000000 
9.060018 , 0.500000 , 0.000000 
9.080018 , 0.500000 , 0.000000 
9.100019 , 0.500000 , 0.000000 
9.120019 , 0.500000 , 0.000000 
9.140019 , 0.500000 , 0.000000 
9.160020 , 0.500000 , 0.000000 
9.180020 , 0.500000 , 0.000000 
9.200021 , 0.500000 , 0.000000 
9.220021 , 0.500000 , 0.000000 
9.240022 , 0.500000 , 0.000000 
9.260022 , 0.500000 , 0.000000 
9.280023 , 0.500000 , 0.000000 
9.300023 , 0.500000 , 0.000000 
9.320024 , 0.500000 , 0.000000 
9.340024 , 0.500000 , 0.000000 
9.360024 , 0.500000 , 0.000000 
9.380025 , 0.500000 , 0.000000 
9.400025 , 0.500000 , 0.000000 
9.420026 , 0.500000 , 0.000000 
9.440026 , 0.500000 , 0.000000 
9.460027 , 0.500000 , 0.000000 
9.480027 , 0.500000 , 0.000000 
9.500028 , 0.500000 , 0.000000 
9.520028 , 0.500000 , 0.000000 
9.540029 , 0.500000 , 0.000000 
9.560029 , 0.500000 , 0.000000 
9.580029 , 0.500000 , 0.000000 
9.600030 , 0.500000 , 0.000000 
9.620030 , 0.500000 , 0.000000 
9.640031 , 0.500000 , 0.000000 
9.660031 , 0.500000 , 0.000000 
9.680032 , 0.500000 , 0.000000 
9.700032 , 0.500000 , 0.000000 
9.720033 , 0.500000 , 0.000000 
9.740033 , 0.500000 , 0.000000 
9.760034 , 0.500000 , 0.000000 
9.780034 , 0.500000 , 0.000000 
9.800035 , 0.500000 , 0.000000 
9.820035 , 0.500000 , 0.000000 
9.840035 , 0.500000 , 0.000000 
9.860036 , 0.500000 , 0.000000 
9.880036 , 0.500000 , 0.000000 
9.900037 , 0.500000 , 0.000000 
9.920037 , 0.500000 , 0.000000 
9.940038 , 0.500000 , 0.000000 
9.960038 , 0.500000 , 0.000000 
9.980039 , 0.500000 , 0.000000 
10.000039 , 0.500000 , 0.000000 
9.980039 , 0.520000 , 0.000000 
9.960038 , 0.540000 , 0.000000 
9.940038 , 0.560000 , 0.000000 
9.920037 , 0.580000 , 0.000000 
9.900037 , 0.600000 , 0.000000 
9.880036 , 0.620000 , 0.000000 
9.860036 , 0.640000 , 0.000000 
9.840035 , 0.660000 , 0.000000 
9.820035 , 0.680000 , 0.000000 
9.800035 , 0.700000 , 0.000000 
9.780034 , 0.720000 , 0.000000 
9.760034 , 0.740000 , 0.000000 
9.740033 , 0.760000 , 0.000000 
9.720033 , 0.780000 , 0.000000 
9.700032 , 0.800000 , 0.000000 
9.680032 , 0.820000 , 0.000000 
9.660031 , 0.840000 , 0.000000 
9.640031 , 0.860000 , 0.000000 
9.620030 , 0.880000 , 0.000000 
9.600030 , 0.900000 , 0.000000 
9.580029 , 0.920000 , 0.000000 
9.560029 , 0.940000 , 0.000000 
9.540029 , 0.960000 , 0.000000 
9.520028 , 0.980000 , 0.000000 
9.500028 , 1.000000 , 0.000000 
9.480027 , 1.020000 , 0.000000 
9.460027 , 1.039999 , 0.000000 
9.440026 , 1.059999 , 0.000000 
9.420026 , 1.079999 , 0.000000 
9.400025 , 1.099999 , 0.000000 
9.380025 , 1.119999 , 0.000000 
9.360024 , 1.139999 , 0.000000 
9.340024 , 1.159999 , 0.000000 
9.320024 , 1.179999 , 0.000000 
9.300023 , 1.199999 , 0.000000 
9.280023 , 1.219999 , 0.000000 
9.260022 , 1.239999 , 0.000000 
9.240022 , 1.259999 , 0.000000 
9.220021 , 1.279999 , 0.000000 
9.200021 , 1.299999 , 0.000000 
9.180020 , 1.319999 , 0.000000 
9.160020 , 1.339999 , 0.000000 
9.140019 , 1.359999 , 0.000000 
9.120019 , 1.379999 , 0.000000 
9.100019 , 1.399999 , 0.000000 
9.080018 , 1.419999 , 0.000000 
9.060018 , 1.439999 , 0.000000 
9.040017 , 1.459999 , 0.000000 
9.020017 , 1.479999 , 0.000000 
9.000016 , 1.499999 , 0.000000 
8.980016 , 1.519999 , 0.000000 
8.960015 , 1.539999 , 0.000000 
8.940015 , 1.559999 , 0.000000 
8.920014 , 1.579999 , 0.000000 
8.900014 , 1.599999 , 0.000000 
8.880013 , 1.619999 , 0.000000 
8.860013 , 1.639999 , 0.000000 
8.840013 , 1.659999 , 0.000000 
8.820012 , 1.679999 , 0.000000 
8.800012 , 1.699999 , 0.000000 
8.780011 , 1.719999 , 0.000000 
8.760011 , 1.739999 , 0.000000 
8.740010 , 1.759999 , 0.000000 
8.720010 , 1.779999 , 0.000000 
8.700009 , 1.799999 , 0.000000 
8.680009 , 1.819999 , 0.000000 
8.660008 , 1.839999 , 0.000000 
8.640008 , 1.859999 , 0.000000 
8.620008 , 1.879999 , 0.000000 
8.600007 , 1.899999 , 0.000000 
8.580007 , 1.919999 , 0.000000 
8.560006 , 1.939999 , 0.000000 
8.540006 , 1.959999 , 0.000000 
8.520005 , 1.979999 , 0.000000 
8.500005 , 1.999999 , 0.000000 
8.480004 , 2.019999 , 0.000000 
8.460004 , 2.039999 , 0.000000 
8.440003 , 2.059999 , 0.000000 
8.420003 , 2.079998 , 0.000000 
8.400002 , 2.099998 , 0.000000 
8.380002 , 2.119998 , 0.000000 
8.360002 , 2.139998 , 0.000000 
8.340001 , 2.159998 , 0.000000 
8.320001 , 2.179998 , 0.000000 
8.300000 , 2.199998 , 0.000000 
8.280000 , 2.219998 , 0.000000 
8.259999 , 2.239998 , 0.000000 
8.239999 , 2.259998 , 0.000000 
8.219998 , 2.279998 , 0.000000 
8.199998 , 2.299998 , 0.000000 
8.179997 , 2.319998 , 0.000000 
8.159997 , 2.339998 , 0.000000 
8.139997 , 2.359998 , 0.000000 
8.119996 , 2.379998 , 0.000000 
8.099996 , 2.399998 , 0.000000 
8.079995 , 2.419998 , 0.000000 
8.059995 , 2.439998 , 0.000000 
8.039994 , 2.459998 , 0.000000 
8.019994 , 2.479998 , 0.000000 
7.999994 , 2.499998 , 0.000000 
7.979994 , 2.519998 , 0.000000 
7.959994 , 2.539998 , 0.000000 
7.939994 , 2.559998 , 0.000000 
7.919994 , 2.579998 , 0.000000 
7.899994 , 2.599998 , 0.000000 
7.879994 , 2.619998 , 0.000000 
7.859994 , 2.639998 , 0.000000 
7.839994 , 2.659998 , 0.000000 
7.819994 , 2.679998 , 0.000000 
7.799994 , 2.699998 , 0.000000 
7.779994 , 2.719998 , 0.000000 
7.759994 , 2.739998 , 0.000000 
7.739994 , 2.759998 , 0.000000 
7.719994 , 2.779998 , 0.000000 
7.699994 , 2.799998 , 0.000000 
7.679994 , 2.819998 , 0.000000 
7.659994 , 2.839998 , 0.000000 
7.639994 , 2.859998 , 0.000000 
7.619994 , 2.879998 , 0.000000 
7.599994 , 2.899998 , 0.000000 
7.579994 , 2.919998 , 0.000000 
7.559994 , 2.939998 , 0.000000 
7.539994 , 2.959998 , 0.000000 
7.519994 , 2.979998 , 0.000000 
7.499994 , 2.999998 , 0.000000 
7.479994 , 3.019998 , 0.000000 
7.459994 , 3.039998 , 0.000000 
7.439994 , 3.059998 , 0.000000 
7.419994 , 3.079998 , 0.000000 
7.399994 , 3.099998 , 0.000000 
7.379994 , 3.119998 , 0.000000 
7.359994 , 3.139997 , 0.000000 
7.339994 , 3.159997 , 0.000000 
7.319994 , 3.179997 , 0.000000 
7.299994 , 3.199997 , 0.000000 
7.279994 , 3.219997 , 0.000000 
7.259995 , 3.239997 , 0.000000 
7.239995 , 3.259997 , 0.000000 
7.219995 , 3.279997 , 0.000000 
7.199995 , 3.299997 , 0.000000 
7.179995 , 3.319997 , 0.000000 
7.159995 , 3.339997 , 0.000000 
7.139995 , 3.359997 , 0.000000 
7.119995 , 3.379997 , 0.000000 
7.099995 , 3.399997 , 0.000000 
7.079995 , 3.419997 , 0.000000 
7.059995 , 3.439997 , 0.000000 
7.039995 , 3.459997 , 0.000000 
7.019995 , 3.479997 , 0.000000 
6.999995 , 3.499997 , 0.000000 
6.979995 , 3.519997 , 0.000000 
6.959995 , 3.539997 , 0.000000 
6.939995 , 3.559997 , 0.000000 
6.919995 , 3.579997 , 0.000000 
6.899995 , 3.599997 , 0.000000 
6.879995 , 3.619997 , 0.000000 
6.859995 , 3.639997 , 0.000000 
6.839995 , 3.659997 , 0.000000 
6.819995 , 3.679997 , 0.000000 
6.799995 , 3.699997 , 0.000000 
6.779995 , 3.719997 , 0.000000 
6.759995 , 3.739997 , 0.000000 
6.739995 , 3.759997 , 0.000000 
6.719995 , 3.779997 , 0.000000 
6.699995 , 3.799997 , 0.000000 
6.679995 , 3.819997 , 0.000000 
6.659995 , 3.839997 , 0.000000 
6.639995 , 3.859997 , 0.000000 
6.619995 , 3.879997 , 0.000000 
6.599995 , 3.899997 , 0.000000 
6.579995 , 3.919997 , 0.000000 
6.559995 , 3.939997 , 0.000000 
6.539995 , 3.959997 , 0.000000 
6.519995 , 3.979997 , 0.000000 
6.499995 , 3.999997 , 0.000000 
6.479995 , 4.019997 , 0.000000 
6.459995 , 4.039997 , 0.000000 
6.439995 , 4.059997 , 0.000000 
6.419995 , 4.079997 , 0.000000 
6.399995 , 4.099997 , 0.000000 
6.379995 , 4.119997 , 0.000000 
6.359995 , 4.139997 , 0.000000 
6.339995 , 4.159997 , 0.000000 
6.319995 , 4.179996 , 0.000000 
6.299995 , 4.199996 , 0.000000 
6.279995 , 4.219996 , 0.000000 
6.259995 , 4.239996 , 0.000000 
6.239995 , 4.259996 , 0.000000 
6.219995 , 4.279996 , 0.000000 
6.199996 , 4.299996 , 0.000000 
6.179996 , 4.319996 , 0.000000 
6.159996 , 4.339996 , 0.000000 
6.139996 , 4.359996 , 0.000000 
6.119996 , 4.379996 , 0.000000 
6.099996 , 4.399996 , 0.000000 
6.079996 , 4.419996 , 0.000000 
6.059996 , 4.439996 , 0.000000 
6.039996 , 4.459996 , 0.000000 
6.019996 , 4.479996 , 0.000000 
5.999996 , 4.499996 , 0.000000 
5.979996 , 4.519996 , 0.000000 
5.959996 , 4.539996 , 0.000000 
5.939996 , 4.559996 , 0.000000 
5.919996 , 4.579996 , 0.000000 
5.899996 , 4.599996 , 0.000000 
5.879996 , 4.619996 , 0.000000 
5.859996 , 4.639996 , 0.000000 
5.839996 , 4.659996 , 0.000000 
5.819996 , 4.679996 , 0.000000 
5.799996 , 4.699996 , 0.000000 
5.779996 , 4.719996 , 0.000000 
5.759996 , 4.739996 , 0.000000 
5.739996 , 4.759996 , 0.000000 
5.719996 , 4.779996 , 0.000000 
5.699996 , 4.799996 , 0.000000 
5.679996 , 4.819996 , 0.000000 
5.659996 , 4.839996 , 0.000000 
5.639996 , 4.859996 , 0.000000 
5.619996 , 4.879996 , 0.000000 
5.599996 , 4.899996 , 0.000000 
5.579996 , 4.919996 , 0.000000 
5.559996 , 4.939996 , 0.000000 
5.539996 , 4.959996 , 0.000000 
5.519996 , 4.979996 , 0.000000 
5.499996 , 4.999996 , 0.000000 
5.479996 , 5.019996 , 0.000000 
5.459996 , 5.039996 , 0.000000 
5.439996 , 5.059996 , 0.000000 
5.419996 , 5.079996 , 0.000000 
5.399996 , 5.099996 , 0.000000 
5.379996 , 5.119996 , 0.000000 
5.359996 , 5.139996 , 0.000000 
5.339996 , 5.159996 , 0.000000 
5.319996 , 5.179996 , 0.000000 
5.299996 , 5.199996 , 0.000000 
5.279996 , 5.219995 , 0.000000 
5.259996 , 5.239995 , 0.000000 
5.239996 , 5.259995 , 0.000000 
5.219996 , 5.279995 , 0.000000 
5.199996 , 5.299995 , 0.000000 
5.179996 , 5.319995 , 0.000000 
5.159997 , 5.339995 , 0.000000 
5.139997 , 5.359995 , 0.000000 
5.119997 , 5.379995 , 0.000000 
5.099997 , 5.399995 , 0.000000 
5.079997 , 5.419995 , 0.000000 
5.059997 , 5.439995 , 0.000000 
5.039997 , 5.459995 , 0.000000 
5.019997 , 5.479995 , 0.000000 
4.999997 , 5.499995 , 0.000000 
4.979997 , 5.519995 , 0.000000 
4.959997 , 5.539995 , 0.000000 
4.939997 , 5.559995 , 0.000000 
4.919997 , 5.579995 , 0.000000 
4.899997 , 5.599995 , 0.000000 
4.879997 , 5.619995 , 0.000000 
4.859997 , 5.639995 , 0.000000 
4.839997 , 5.659995 , 0.000000 
4.819997 , 5.679995 , 0.000000 
4.799997 , 5.699995 , 0.000000 
4.779997 , 5.719995 , 0.000000 
4.759997 , 5.739995 , 0.000000 
4.739997 , 5.759995 , 0.000000 
4.719997 , 5.779995 , 0.000000 
4.699997 , 5.799995 , 0.000000 
4.679997 , 5.819995 , 0.000000 
4.659997 , 5.839995 , 0.000000 
4.639997 , 5.859995 , 0.000000 
4.619997 , 5.879995 , 0.000000 
4.599997 , 5.899995 , 0.000000 
4.579997 , 5.919995 , 0.000000 
4.559997 , 5.939995 , 0.000000 
4.539997 , 5.959995 , 0.000000 
4.519997 , 5.979995 , 0.000000 
4.499997 , 5.999995 , 0.000000 
4.479997 , 6.019995 , 0.000000 
4.459997 , 6.039995 , 0.000000 
4.439997 , 6.059995 , 0.000000 
4.419997 , 6.079995 , 0.000000 
4.399997 , 6.099995 , 0.000000 
4.379997 , 6.119995 , 0.000000 
4.359997 , 6.139995 , 0.000000 
4.339997 , 6.159995 , 0.000000 
4.319997 , 6.179995 , 0.000000 
4.299997 , 6.199995 , 0.000000 
4.279997 , 6.219995 , 0.000000 
4.259997 , 6.239995 , 0.000000 
4.239997 , 6.259995 , 0.000000 
4.219997 , 6.279994 , 0.000000 
4.199997 , 6.299994 , 0.000000 
4.179997 , 6.319994 , 0.000000 
4.159997 , 6.339994 , 0.000000 
4.139997 , 6.359994 , 0.000000 
4.119998 , 6.379994 , 0.000000 
4.099998 , 6.399994 , 0.000000 
4.079998 , 6.419994 , 0.000000 
4.059998 , 6.439994 , 0.000000 
4.039998 , 6.459994 , 0.000000 
4.019998 , 6.479994 , 0.000000 
3.999998 , 6.499994 , 0.000000 
3.979998 , 6.519994 , 0.000000 
3.959998 , 6.539994 , 0.000000 
3.939998 , 6.559994 , 0.000000 
3.919998 , 6.579994 , 0.000000 
3.899998 , 6.599994 , 0.000000 
3.879998 , 6.619994 , 0.000000 
3.859998 , 6.639994 , 0.000000 
3.839998 , 6.659994 , 0.000000 
3.819998 , 6.679994 , 0.000000 
3.799998 , 6.699994 , 0.000000 
3.779998 , 6.719994 , 0.000000 
3.759998 , 6.739994 , 0.000000 
3.739998 , 6.759994 , 0.000000 
3.719998 , 6.779994 , 0.000000 
3.699998 , 6.799994 , 0.000000 
3.679998 , 6.819994 , 0.000000 
3.659998 , 6.839994 , 0.000000 
3.639998 , 6.859994 , 0.000000 
3.619998 , 6.879994 , 0.000000 
3.599998 , 6.899994 , 0.000000 
3.579998 , 6.919994 , 0.000000 
3.559998 , 6.939994 , 0.000000 
3.539998 , 6.959994 , 0.000000 
3.519998 , 6.979994 , 0.000000 
3.499998 , 6.999994 , 0.000000 
3.479998 , 7.019994 , 0.000000 
3.459998 , 7.039994 , 0.000000 
3.439998 , 7.059994 , 0.000000 
3.419998 , 7.079994 , 0.000000 
3.399998 , 7.099994 , 0.000000 
3.379998 , 7.119994 , 0.000000 
3.359998 , 7.139994 , 0.000000 
3.339998 , 7.159994 , 0.000000 
3.319998 , 7.179994 , 0.000000 
3.299998 , 7.199994 , 0.000000 
3.279998 , 7.219994 , 0.000000 
3.259998 , 7.239994 , 0.000000 
3.239998 , 7.259994 , 0.000000 
3.219998 , 7.279994 , 0.000000 
3.199998 , 7.299994 , 0.000000 
3.179998 , 7.319993 , 0.000000 
3.159998 , 7.339993 , 0.000000 
3.139998 , 7.359993 , 0.000000 
3.119998 , 7.379993 , 0.000000 
3.099998 , 7.399993 , 0.000000 
3.079998 , 7.419993 , 0.000000 
3.059999 , 7.439993 , 0.000000 
3.039999 , 7.459993 , 0.000000 
3.019999 , 7.479993 , 0.000000 
2.999999 , 7.499993 , 0.000000 
2.979999 , 7.519993 , 0.000000 
2.959999 , 7.539993 , 0.000000 
2.939999 , 7.559993 , 0.000000 
2.919999 , 7.579993 , 0.000000 
2.899999 , 7.599993 , 0.000000 
2.879999 , 7.619993 , 0.000000 
2.859999 , 7.639993 , 0.000000 
2.839999 , 7.659993 , 0.000000 
2.819999 , 7.679993 , 0.000000 
2.799999 , 7.699993 , 0.000000 
2.779999 , 7.719993 , 0.000000 
2.759999 , 7.739993 , 0.000000 
2.739999 , 7.759993 , 0.000000 
2.719999 , 7.779993 , 0.000000 
2.699999 , 7.799993 , 0.000000 
2.679999 , 7.819993 , 0.000000 
2.659999 , 7.839993 , 0.000000 
2.639999 , 7.859993 , 0.000000 
2.619999 , 7.879993 , 0.000000 
2.599999 , 7.899993 , 0.000000 
2.579999 , 7.919993 , 0.000000 
2.559999 , 7.939993 , 0.000000 
2.539999 , 7.959993 , 0.000000 
2.519999 , 7.979993 , 0.000000 
2.499999 , 7.999993 , 0.000000 
2.479999 , 8.019993 , 0.000000 
2.459999 , 8.039993 , 0.000000 
2.439999 , 8.059994 , 0.000000 
2.419999 , 8.079994 , 0.000000 
2.399999 , 8.099995 , 0.000000 
2.379999 , 8.119995 , 0.000000 
2.359999 , 8.139996 , 0.000000 
2.339999 , 8.159996 , 0.000000 
2.319999 , 8.179996 , 0.000000 
2.299999 , 8.199997 , 0.000000 
2.279999 , 8.219997 , 0.000000 
2.259999 , 8.239998 , 0.000000 
2.239999 , 8.259998 , 0.000000 
2.219999 , 8.279999 , 0.000000 
2.199999 , 8.299999 , 0.000000 
2.179999 , 8.320000 , 0.000000 
2.159999 , 8.340000 , 0.000000 
2.139999 , 8.360001 , 0.000000 
2.119999 , 8.380001 , 0.000000 
2.099999 , 8.400002 , 0.000000 
2.079999 , 8.420002 , 0.000000 
2.059999 , 8.440002 , 0.000000 
2.039999 , 8.460003 , 0.000000 
2.020000 , 8.480003 , 0.000000 
2.000000 , 8.500004 , 0.000000 
1.980000 , 8.520004 , 0.000000 
1.960000 , 8.540005 , 0.000000 
1.940000 , 8.560005 , 0.000000 
1.920000 , 8.580006 , 0.000000 
1.900000 , 8.600006 , 0.000000 
1.880000 , 8.620007 , 0.000000 
1.860000 , 8.640007 , 0.000000 
1.840000 , 8.660007 , 0.000000 
1.820000 , 8.680008 , 0.000000 
1.800000 , 8.700008 , 0.000000 
1.780000 , 8.720009 , 0.000000 
1.760000 , 8.740009 , 0.000000 
1.740000 , 8.760010 , 0.000000 
1.720000 , 8.780010 , 0.000000 
1.700000 , 8.800011 , 0.000000 
1.680000 , 8.820011 , 0.000000 
1.660000 , 8.840012 , 0.000000 
1.640000 , 8.860012 , 0.000000 
1.620000 , 8.880013 , 0.000000 
1.600000 , 8.900013 , 0.000000 
1.580000 , 8.920013 , 0.000000 
1.560000 , 8.940014 , 0.000000 
1.540000 , 8.960014 , 0.000000 
1.520000 , 8.980015 , 0.000000 
1.500000 , 9.000015 , 0.000000 
1.480000 , 9.020016 , 0.000000 
1.460000 , 9.040016 , 0.000000 
1.440000 , 9.060017 , 0.000000 
1.420000 , 9.080017 , 0.000000 
1.400000 , 9.100018 , 0.000000 
1.380000 , 9.120018 , 0.000000 
1.360000 , 9.140018 , 0.000000 
1.340000 , 9.160019 , 0.000000 
1.320000 , 9.180019 , 0.000000 
1.300000 , 9.200020 , 0.000000 
1.280000 , 9.220020 , 0.000000 
1.260000 , 9.240021 , 0.000000 
1.240000 , 9.260021 , 0.000000 
1.220000 , 9.280022 , 0.000000 
1.200000 , 9.300022 , 0.000000 
1.180000 , 9.320023 , 0.000000 
1.160000 , 9.340023 , 0.000000 
1.140000 , 9.360023 , 0.000000 
1.120000 , 9.380024 , 0.000000 
1.100000 , 9.400024 , 0.000000 
1.080000 , 9.420025 , 0.000000 
1.060000 , 9.440025 , 0.000000 
1.040000 , 9.460026 , 0.000000 
1.020000 , 9.480026 , 0.000000 
1.000000 , 9.500027 , 0.000000 
0.980000 , 9.520027 , 0.000000 
0.960001 , 9.540028 , 0.000000 
0.940001 , 9.560028 , 0.000000 
0.920001 , 9.580029 , 0.000000 
0.900001 , 9.600029 , 0.000000 
0.880001 , 9.620029 , 0.000000 
0.860001 , 9.640030 , 0.000000 
0.840001 , 9.660030 , 0.000000 
0.820001 , 9.680031 , 0.000000 
0.800001 , 9.700031 , 0.000000 
0.780001 , 9.720032 , 0.000000 
0.760001 , 9.740032 , 0.000000 
0.740001 , 9.760033 , 0.000000 
0.720001 , 9.780033 , 0.000000 
0.700001 , 9.800034 , 0.000000 
0.680001 , 9.820034 , 0.000000 
0.660001 , 9.840034 , 0.000000 
0.640001 , 9.860035 , 0.000000 
0.620001 , 9.880035 , 0.000000 
0.600001 , 9.900036 , 0.000000 
0.580001 , 9.920036 , 0.000000 
0.560001 , 9.940037 , 0.000000 
0.540001 , 9.960037 , 0.000000 
0.520001 , 9.980038 , 0.000000 
0.500001 , 10.000038 , 0.000000 
0.480001 , 10.020039 , 0.000000 
0.460001 , 10.040039 , 0.000000 
0.440001 , 10.060040 , 0.000000 
0.420001 , 10.080040 , 0.000000 
0.400001 , 10.100040 , 0.000000 
0.380001 , 10.120041 , 0.000000 
0.360001 , 10.140041 , 0.000000 
0.340001 , 10.160042 , 0.000000 
0.320001 , 10.180042 , 0.000000 
0.300001 , 10.200043 , 0.000000 
0.280001 , 10.220043 , 0.000000 
0.260001 , 10.240044 , 0.000000 
0.240001 , 10.260044 , 0.000000 
0.220001 , 10.280045 , 0.000000 
0.200001 , 10.300045 , 0.000000 
0.180001 , 10.320045 , 0.000000 
0.160001 , 10.340046 , 0.000000 
0.140001 , 10.360046 , 0.000000 
0.120001 , 10.380047 , 0.000000 
0.100001 , 10.400047 , 0.000000 
0.080001 , 10.420048 , 0.000000 
0.060001 , 10.440048 , 0.000000 
0.040001 , 10.460049 , 0.000000 
0.020001 , 10.480049 , 0.000000 
0.000001 , 10.500050 , 0.000000 
-0.019999 , 10.520050 , 0.000000 
-0.019999 , 10.500050 , 0.000000 
-0.019999 , 10.480049 , 0.000000 
-0.019999 , 10.460049 , 0.000000 
-0.019999 , 10.440048 , 0.000000 
-0.019999 , 10.420048 , 0.000000 
-0.019999 , 10.400047 , 0.000000 
-0.019999 , 10.380047 , 0.000000 
-0.019999 , 10.360046 , 0.000000 
-0.019999 , 10.340046 , 0.000000 
-0.019999 , 10.320045 , 0.000000 
-0.019999 , 10.300045 , 0.000000 
-0.019999 , 10.280045 , 0.000000 
-0.019999 , 10.260044 , 0.000000 
-0.019999 , 10.240044 , 0.000000 
-0.019999 , 10.220043 , 0.000000 
-0.019999 , 10.200043 , 0.000000 
-0.019999 , 10.180042 , 0.000000 
-0.019999 , 10.160042 , 0.000000 
-0.019999 , 10.140041 , 0.000000 
-0.019999 , 10.120041 , 0.000000 
-0.019999 , 10.100040 , 0.000000 
-0.019999 , 10.080040 , 0.000000 
-0.019999 , 10.060040 , 0.000000 
-0.019999 , 10.040039 , 0.000000 
-0.019999 , 10.020039 , 0.000000 
-0.019999 , 10.000038 , 0.000000 
-0.019999 , 9.980038 , 0.000000 
-0.019999 , 9.960037 , 0.000000 
-0.019999 , 9.940037 , 0.000000 
-0.019999 , 9.920036 , 0.000000 
-0.019999 , 9.900036 , 0.000000 
-0.019999 , 9.880035 , 0.000000 
-0.019999 , 9.860035 , 0.000000 
-0.019999 , 9.840034 , 0.000000 
-0.019999 , 9.820034 , 0.000000 
-0.019999 , 9.800034 , 0.000000 
-0.019999 , 9.780033 , 0.000000 
-0.019999 , 9.760033 , 0.000000 
-0.019999 , 9.740032 , 0.000000 
-0.019999 , 9.720032 , 0.000000 
-0.019999 , 9.700031 , 0.000000 
-0.019999 , 9.680031 , 0.000000 
-0.019999 , 9.660030 , 0.000000 
-0.019999 , 9.640030 , 0.000000 
-0.019999 , 9.620029 , 0.000000 
-0.019999 , 9.600029 , 0.000000 
-0.019999 , 9.580029 , 0.000000 
-0.019999 , 9.560028 , 0.000000 
-0.019999 , 9.540028 , 0.000000 
-0.019999 , 9.520027 , 0.000000 
-0.019999 , 9.500027 , 0.000000 
-0.019999 , 9.480026 , 0.000000 
-0.019999 , 9.460026 , 0.000000 
-0.019999 , 9.440025 , 0.000000 
-0.019999 , 9.420025 , 0.000000 
-0.019999 , 9.400024 , 0.000000 
-0.019999 , 9.380024 , 0.000000 
-0.019999 , 9.360023 , 0.000000 
-0.019999 , 9.340023 , 0.000000 
-0.019999 , 9.320023 , 0.000000 
-0.019999 , 9.300022 , 0.000000 
-0.019999 , 9.280022 , 0.000000 
-0.019999 , 9.260021 , 0.000000 
-0.019999 , 9.240021 , 0.000000 
-0.019999 , 9.220020 , 0.000000 
-0.019999 , 9.200020 , 0.000000 
-0.019999 , 9.180019 , 0.000000 
-0.019999 , 9.160019 , 0.000000 
-0.019999 , 9.140018 , 0.000000 
-0.019999 , 9.120018 , 0.000000 
-0.019999 , 9.100018 , 0.000000 
-0.019999 , 9.080017 , 0.000000 
-0.019999 , 9.060017 , 0.000000 
-0.019999 , 9.040016 , 0.000000 
-0.019999 , 9.020016 , 0.000000 
-0.019999 , 9.000015 , 0.000000 
-0.019999 , 8.980015 , 0.000000 
-0.019999 , 8.960014 , 0.000000 
-0.019999 , 8.940014 , 0.000000 
-0.019999 , 8.920013 , 0.000000 
-0.019999 , 8.900013 , 0.000000 
-0.019999 , 8.880013 , 0.000000 
-0.019999 , 8.860012 , 0.000000 
-0.019999 , 8.840012 , 0.000000 
-0.019999 , 8.820011 , 0.000000 
-0.019999 , 8.800011 , 0.000000 
-0.019999 , 8.780010 , 0.000000 
-0.019999 , 8.760010 , 0.000000 
-0.019999 , 8.740009 , 0.000000 
-0.019999 , 8.720009 , 0.000000 
-0.019999 , 8.700008 , 0.000000 
-0.019999 , 8.680008 , 0.000000 
-0.019999 , 8.660007 , 0.000000 
-0.019999 , 8.640007 , 0.000000 
-0.019999 , 8.620007 , 0.000000 
-0.019999 , 8.600006 , 0.000000 
-0.019999 , 8.580006 , 0.000000 
-0.019999 , 8.560005 , 0.000000 
-0.019999 , 8.540005 , 0.000000 
-0.019999 , 8.520004 , 0.000000 
-0.019999 , 8.500004 , 0.000000 
-0.019999 , 8.480003 , 0.000000 
-0.019999 , 8.460003 , 0.000000 
-0.019999 , 8.440002 , 0.000000 
-0.019999 , 8.420002 , 0.000000 
-0.019999 , 8.400002 , 0.000000 
-0.019999 , 8.380001 , 0.000000 
-0.019999 , 8.360001 , 0.000000 
-0.019999 , 8.340000 , 0.000000 
-0.019999 , 8.320000 , 0.000000 
-0.019999 , 8.299999 , 0.000000 
-0.019999 , 8.279999 , 0.000000 
-0.019999 , 8.259998 , 0.000000 
-0.019999 , 8.239998 , 0.000000 
-0.019999 , 8.219997 , 0.000000 
-0.019999 , 8.199997 , 0.000000 
-0.019999 , 8.179996 , 0.000000 
-0.019999 , 8.159996 , 0.000000 
-0.019999 , 8.139996 , 0.000000 
-0.019999 , 8.119995 , 0.000000 
-0.019999 , 8.099995 , 0.000000 
-0.019999 , 8.079994 , 0.000000 
-0.019999 , 8.059994 , 0.000000 
-0.019999 , 8.039993 , 0.000000 
-0.019999 , 8.019993 , 0.000000 
-0.019999 , 7.999993 , 0.000000 
-0.019999 , 7.979993 , 0.000000 
-0.019999 , 7.959993 , 0.000000 
-0.019999 , 7.939993 , 0.000000 
-0.019999 , 7.919993 , 0.000000 
-0.019999 , 7.899993 , 0.000000 
-0.019999 , 7.879993 , 0.000000 
-0.019999 , 7.859993 , 0.000000 
-0.019999 , 7.839993 , 0.000000 
-0.019999 , 7.819993 , 0.000000 
-0.019999 , 7.799993 , 0.000000 
-0.019999 , 7.779993 , 0.000000 
-0.019999 , 7.759993 , 0.000000 
-0.019999 , 7.739993 , 0.000000 
-0.019999 , 7.719993 , 0.000000 
-0.019999 , 7.699993 , 0.000000 
-0.019999 , 7.679993 , 0.000000 
-0.019999 , 7.659993 , 0.000000 
-0.019999 , 7.639993 , 0.000000 
-0.019999 , 7.619993 , 0.000000 
-0.019999 , 7.599993 , 0.000000 
-0.019999 , 7.579993 , 0.000000 
-0.019999 , 7.559993 , 0.000000 
-0.019999 , 7.539993 , 0.000000 
-0.019999 , 7.519993 , 0.000000 
-0.019999 , 7.499993 , 0.000000 
-0.019999 , 7.479993 , 0.000000 
-0.019999 , 7.459993 , 0.000000 
-0.019999 , 7.439993 , 0.000000 
-0.019999 , 7.419993 , 0.000000 
-0.019999 , 7.399993 , 0.000000 
-0.019999 , 7.379993 , 0.000000 
-0.019999 , 7.359993 , 0.000000 
-0.019999 , 7.339993 , 0.000000 
-0.019999 , 7.319993 , 0.000000 
-0.019999 , 7.299994 , 0.000000 
-0.019999 , 7.279994 , 0.000000 
-0.019999 , 7.259994 , 0.000000 
-0.019999 , 7.239994 , 0.000000 
-0.019999 , 7.219994 , 0.000000 
-0.019999 , 7.199994 , 0.000000 
-0.019999 , 7.179994 , 0.000000 
-0.019999 , 7.159994 , 0.000000 
-0.019999 , 7.139994 , 0.000000 
-0.019999 , 7.119994 , 0.000000 
-0.019999 , 7.099994 , 0.000000 
-0.019999 , 7.079994 , 0.000000 
-0.019999 , 7.059994 , 0.000000 
-0.019999 , 7.039994 , 0.000000 
-0.019999 , 7.019994 , 0.000000 
-0.019999 , 6.999994 , 0.000000 
-0.019999 , 6.979994 , 0.000000 
-0.019999 , 6.959994 , 0.000000 
-0.019999 , 6.939994 , 0.000000 
-0.019999 , 6.919994 , 0.000000 
-0.019999 , 6.899994 , 0.000000 
-0.019999 , 6.879994 , 0.000000 
-0.019999 , 6.859994 , 0.000000 
-0.019999 , 6.839994 , 0.000000 
-0.019999 , 6.819994 , 0.000000 
-0.019999 , 6.799994 , 0.000000 
-0.019999 , 6.779994 , 0.000000 
-0.019999 , 6.759994 , 0.000000 
-0.019999 , 6.739994 , 0.000000 
-0.019999 , 6.719994 , 0.000000 
-0.019999 , 6.699994 , 0.000000 
-0.019999 , 6.679994 , 0.000000 
-0.019999 , 6.659994 , 0.000000 
-0.019999 , 6.639994 , 0.000000 
-0.019999 , 6.619994 , 0.000000 
-0.019999 , 6.599994 , 0.000000 
-0.019999 , 6.579994 , 0.000000 
-0.019999 , 6.559994 , 0.000000 
-0.019999 , 6.539994 , 0.000000 
-0.019999 , 6.519994 , 0.000000 
-0.019999 , 6.499994 , 0.000000 
-0.019999 , 6.479994 , 0.000000 
-0.019999 , 6.459994 , 0.000000 
-0.019999 , 6.439994 , 0.000000 
-0.019999 , 6.419994 , 0.000000 
-0.019999 , 6.399994 , 0.000000 
-0.019999 , 6.379994 , 0.000000 
-0.019999 , 6.359994 , 0.000000 
-0.019999 , 6.339994 , 0.000000 
-0.019999 , 6.319994 , 0.000000 
-0.019999 , 6.299994 , 0.000000 
-0.019999 , 6.279994 , 0.000000 
-0.019999 , 6.259995 , 0.000000 
-0.019999 , 6.239995 , 0.000000 
-0.019999 , 6.219995 , 0.000000 
-0.019999 , 6.199995 , 0.000000 
-0.019999 , 6.179995 , 0.000000 
-0.019999 , 6.159995 , 0.000000 
-0.019999 , 6.139995 , 0.000000 
-0.019999 , 6.119995 , 0.000000 
-0.019999 , 6.099995 , 0.000000 
-0.019999 , 6.079995 , 0.000000 
-0.019999 , 6.059995 , 0.000000 
-0.019999 , 6.039995 , 0.000000 
-0.019999 , 6.019995 , 0.000000 
-0.019999 , 5.999995 , 0.000000 
-0.019999 , 5.979995 , 0.000000 
-0.019999 , 5.959995 , 0.000000 
-0.019999 , 5.939995 , 0.000000 
-0.019999 , 5.919995 , 0.000000 
-0.019999 , 5.899995 , 0.000000 
-0.019999 , 5.879995 , 0.000000 
-0.019999 , 5.859995 , 0.000000 
-0.019999 , 5.839995 , 0.000000 
-0.019999 , 5.819995 , 0.000000 
-0.019999 , 5.799995 , 0.000000 
-0.019999 , 5.779995 , 0.000000 
-0.019999 , 5.759995 , 0.000000 
-0.019999 , 5.739995 , 0.000000 
-0.019999 , 5.719995 , 0.000000 
-0.019999 , 5.699995 , 0.000000 
-0.019999 , 5.679995 , 0.000000 
-0.019999 , 5.659995 , 0.000000 
-0.019999 , 5.639995 , 0.000000 
-0.019999 , 5.619995 , 0.000000 
-0.019999 , 5.599995 , 0.000000 
-0.019999 , 5.579995 , 0.000000 
-0.019999 , 5.559995 , 0.000000 
-0.019999 , 5.539995 , 0.000000 
-0.019999 , 5.519995 , 0.000000 
-0.019999 , 5.499995 , 0.000000 
-0.019999 , 5.479995 , 0.000000 
-0.019999 , 5.459995 , 0.000000 
-0.019999 , 5.439995 , 0.000000 
-0.019999 , 5.419995 , 0.000000 
-0.019999 , 5.399995 , 0.000000 
-0.019999 , 5.379995 , 0.000000 
-0.019999 , 5.359995 , 0.000000 
-0.019999 , 5.339995 , 0.000000 
-0.019999 , 5.319995 , 0.000000 
-0.019999 , 5.299995 , 0.000000 
-0.019999 , 5.279995 , 0.000000 
-0.019999 , 5.259995 , 0.000000 
-0.019999 , 5.239995 , 0.000000 
-0.019999 , 5.219995 , 0.000000 
-0.019999 , 5.199996 , 0.000000 
-0.019999 , 5.179996 , 0.000000 
-0.019999 , 5.159996 , 0.000000 
-0.019999 , 5.139996 , 0.000000 
-0.019999 , 5.119996 , 0.000000 
-0.019999 , 5.099996 , 0.000000 
-0.019999 , 5.079996 , 0.000000 
-0.019999 , 5.059996 , 0.000000 
-0.019999 , 5.039996 , 0.000000 
-0.019999 , 5.019996 , 0.000000 
-0.019999 , 4.999996 , 0.000000 
-0.019999 , 4.979996 , 0.000000 
-0.019999 , 4.959996 , 0.000000 
-0.019999 , 4.939996 , 0.000000 
-0.019999 , 4.919996 , 0.000000 
-0.019999 , 4.899996 , 0.000000 
-0.019999 , 4.879996 , 0.000000 
-0.019999 , 4.859996 , 0.000000 
-0.019999 , 4.839996 , 0.000000 
-0.019999 , 4.819996 , 0.000000 
-0.019999 , 4.799996 , 0.000000 
-0.019999 , 4.779996 , 0.000000 
-0.019999 , 4.759996 , 0.000000 
-0.019999 , 4.739996 , 0.000000 
-0.019999 , 4.719996 , 0.000000 
-0.019999 , 4.699996 , 0.000000 
-0.019999 , 4.679996 , 0.000000 
-0.019999 , 4.659996 , 0.000000 
-0.019999 , 4.639996 , 0.000000 
-0.019999 , 4.619996 , 0.000000 
-0.019999 , 4.599996 , 0.000000 
-0.019999 , 4.579996 , 0.000000 
-0.019999 , 4.559996 , 0.000000 
-0.019999 , 4.539996 , 0.000000 
-0.019999 , 4.519996 , 0.000000 
-0.019999 , 4.499996 , 0.000000 
-0.019999 , 4.479996 , 0.000000 
-0.019999 , 4.459996 , 0.000000 
-0.019999 , 4.439996 , 0.000000 
-0.019999 , 4.419996 , 0.000000 
-0.019999 , 4.399996 , 0.000000 
-0.019999 , 4.379996 , 0.000000 
-0.019999 , 4.359996 , 0.000000 
-0.019999 , 4.339996 , 0.000000 
-0.019999 , 4.319996 , 0.000000 
-0.019999 , 4.299996 , 0.000000 
-0.019999 , 4.279996 , 0.000000 
-0.019999 , 4.259996 , 0.000000 
-0.019999 , 4.239996 , 0.000000 
-0.019999 , 4.219996 , 0.000000 
-0.019999 , 4.199996 , 0.000000 
-0.019999 , 4.179996 , 0.000000 
-0.019999 , 4.159997 , 0.000000 
-0.019999 , 4.139997 , 0.000000 
-0.019999 , 4.119997 , 0.000000 
-0.019999 , 4.099997 , 0.000000 
-0.019999 , 4.079997 , 0.000000 
-0.019999 , 4.059997 , 0.000000 
-0.019999 , 4.039997 , 0.000000 
-0.019999 , 4.019997 , 0.000000 
-0.019999 , 3.999997 , 0.000000 
-0.019999 , 3.979997 , 0.000000 
-0.019999 , 3.959997 , 0.000000 
-0.019999 , 3.939997 , 0.000000 
-0.019999 , 3.919997 , 0.000000 
-0.019999 , 3.899997 , 0.000000 
-0.019999 , 3.879997 , 0.000000 
-0.019999 , 3.859997 , 0.000000 
-0.019999 , 3.839997 , 0.000000 
-0.019999 , 3.819997 , 0.000000 
-0.019999 , 3.799997 , 0.000000 
-0.019999 , 3.779997 , 0.000000 
-0.019999 , 3.759997 , 0.000000 
-0.019999 , 3.739997 , 0.000000 
-0.019999 , 3.719997 , 0.000000 
-0.019999 , 3.699997 , 0.000000 
-0.019999 , 3.679997 , 0.000000 
-0.019999 , 3.659997 , 0.000000 
-0.019999 , 3.639997 , 0.000000 
-0.019999 , 3.619997 , 0.000000 
-0.019999 , 3.599997 , 0.000000 
-0.019999 , 3.579997 , 0.000000 
-0.019999 , 3.559997 , 0.000000 
-0.019999 , 3.539997 , 0.000000 
-0.019999 , 3.519997 , 0.000000 
-0.019999 , 3.499997 , 0.000000 
-0.019999 , 3.479997 , 0.000000 
-0.019999 , 3.459997 , 0.000000 
-0.019999 , 3.439997 , 0.000000 
-0.019999 , 3.419997 , 0.000000 
-0.019999 , 3.399997 , 0.000000 
-0.019999 , 3.379997 , 0.000000 
-0.019999 , 3.359997 , 0.000000 
-0.019999 , 3.339997 , 0.000000 
-0.019999 , 3.319997 , 0.000000 
-0.019999 , 3.299997 , 0.000000 
-0.019999 , 3.279997 , 0.000000 
-0.019999 , 3.259997 , 0.000000 
-0.019999 , 3.239997 , 0.000000 
-0.019999 , 3.219997 , 0.000000 
-0.019999 , 3.199997 , 0.000000 
-0.019999 , 3.179997 , 0.000000 
-0.019999 , 3.159997 , 0.000000 
-0.019999 , 3.139997 , 0.000000 
-0.019999 , 3.119998 , 0.000000 
-0.019999 , 3.099998 , 0.000000 
-0.019999 , 3.079998 , 0.000000 
-0.019999 , 3.059998 , 0.000000 
-0.019999 , 3.039998 , 0.000000 
-0.019999 , 3.019998 , 0.000000 
-0.019999 , 2.999998 , 0.000000 
-0.019999 , 2.979998 , 0.000000 
-0.019999 , 2.959998 , 0.000000 
-0.019999 , 2.939998 , 0.000000 
-0.019999 , 2.919998 , 0.000000 
-0.019999 , 2.899998 , 0.000000 
-0.019999 , 2.879998 , 0.000000 
-0.019999 , 2.859998 , 0.000000 
-0.019999 , 2.839998 , 0.000000 
-0.019999 , 2.819998 , 0.000000 
-0.019999 , 2.799998 , 0.000000 
-0.019999 , 2.779998 , 0.000000 
-0.019999 , 2.759998 , 0.000000 
-0.019999 , 2.739998 , 0.000000 
-0.019999 , 2.719998 , 0.000000 
-0.019999 , 2.699998 , 0.000000 
-0.019999 , 2.679998 , 0.000000 
-0.019999 , 2.659998 , 0.000000 
-0.019999 , 2.639998 , 0.000000 
-0.019999 , 2.619998 , 0.000000 
-0.019999 , 2.599998 , 0.000000 
-0.019999 , 2.579998 , 0.000000 
-0.019999 , 2.559998 , 0.000000 
-0.019999 , 2.539998 , 0.000000 
-0.019999 , 2.519998 , 0.000000 
-0.019999 , 2.499998 , 0.000000 
-0.019999 , 2.479998 , 0.000000 
-0.019999 , 2.459998 , 0.000000 
-0.019999 , 2.439998 , 0.000000 
-0.019999 , 2.419998 , 0.000000 
-0.019999 , 2.399998 , 0.000000 
-0.019999 , 2.379998 , 0.000000 
-0.019999 , 2.359998 , 0.000000 
-0.019999 , 2.339998 , 0.000000 
-0.019999 , 2.319998 , 0.000000 
-0.019999 , 2.299998 , 0.000000 
-0.019999 , 2.279998 , 0.000000 
-0.019999 , 2.259998 , 0.000000 
-0.019999 , 2.239998 , 0.000000 
-0.019999 , 2.219998 , 0.000000 
-0.019999 , 2.199998 , 0.000000 
-0.019999 , 2.179998 , 0.000000 
-0.019999 , 2.159998 , 0.000000 
-0.019999 , 2.139998 , 0.000000 
-0.019999 , 2.119998 , 0.000000 
-0.019999 , 2.099998 , 0.000000 
-0.019999 , 2.079998 , 0.000000 
-0.019999 , 2.059999 , 0.000000 
-0.019999 , 2.039999 , 0.000000 
-0.019999 , 2.019999 , 0.000000 
-0.019999 , 1.999999 , 0.000000 
-0.019999 , 1.979999 , 0.000000 
-0.019999 , 1.959999 , 0.000000 
-0.019999 , 1.939999 , 0.000000 
-0.019999 , 1.919999 , 0.000000 
-0.019999 , 1.899999 , 0.000000 
-0.019999 , 1.879999 , 0.000000 
-0.019999 , 1.859999 , 0.000000 
-0.019999 , 1.839999 , 0.000000 
-0.019999 , 1.819999 , 0.000000 
-0.019999 , 1.799999 , 0.000000 
-0.019999 , 1.779999 , 0.000000 
-0.019999 , 1.759999 , 0.000000 
-0.019999 , 1.739999 , 0.000000 
-0.019999 , 1.719999 , 0.000000 
-0.019999 , 1.699999 , 0.000000 
-0.019999 , 1.679999 , 0.000000 
-0.019999 , 1.659999 , 0.000000 
-0.019999 , 1.639999 , 0.000000 
-0.019999 , 1.619999 , 0.000000 
-0.019999 , 1.599999 , 0.000000 
-0.019999 , 1.579999 , 0.000000 
-0.019999 , 1.559999 , 0.000000 
-0.019999 , 1.539999 , 0.000000 
-0.019999 , 1.519999 , 0.000000 
-0.019999 , 1.499999 , 0.000000 
-0.019999 , 1.479999 , 0.000000 
-0.019999 , 1.459999 , 0.000000 
-0.019999 , 1.439999 , 0.000000 
-0.019999 , 1.419999 , 0.000000 
-0.019999 , 1.399999 , 0.000000 
-0.019999 , 1.379999 , 0.000000 
-0.019999 , 1.359999 , 0.000000 
-0.019999 , 1.339999 , 0.000000 
-0.019999 , 1.319999 , 0.000000 
-0.019999 , 1.299999 , 0.000000 
-0.019999 , 1.279999 , 0.000000 
-0.019999 , 1.259999 , 0.000000 
-0.019999 , 1.239999 , 0.000000 
-0.019999 , 1.219999 , 0.000000 
-0.019999 , 1.199999 , 0.000000 
-0.019999 , 1.179999 , 0.000000 
-0.019999 , 1.159999 , 0.000000 
-0.019999 , 1.139999 , 0.000000 
-0.019999 , 1.119999 , 0.000000 
-0.019999 , 1.099999 , 0.000000 
-0.019999 , 1.079999 , 0.000000 
-0.019999 , 1.059999 , 0.000000 
-0.019999 , 1.039999 , 0.000000 
-0.019999 , 1.020000 , 0.000000 
-0.019999 , 1.000000 , 0.000000 
-0.019999 , 0.980000 , 0.000000 
-0.019999 , 0.960000 , 0.000000 
-0.019999 , 0.940000 , 0.000000 
-0.019999 , 0.920000 , 0.000000 
-0.019999 , 0.900000 , 0.000000 
-0.019999 , 0.880000 , 0.000000 
-0.019999 , 0.860000 , 0.000000 
-0.019999 , 0.840000 , 0.000000 
-0.019999 , 0.820000 , 0.000000 
-0.019999 , 0.800000 , 0.000000 
-0.019999 , 0.780000 , 0.000000 
-0.019999 , 0.760000 , 0.000000 
-0.019999 , 0.740000 , 0.000000 
-0.019999 , 0.720000 , 0.000000 
-0.019999 , 0.700000 , 0.000000 
-0.019999 , 0.680000 , 0.000000 
-0.019999 , 0.660000 , 0.000000 
-0.019999 , 0.640000 , 0.000000 
-0.019999 , 0.620000 , 0.000000 
-0.019999 , 0.600000 , 0.000000 
-0.019999 , 0.580000 , 0.000000 
-0.019999 , 0.560000 , 0.000000 
-0.019999 , 0.540000 , 0.000000 
-0.019999 , 0.520000 , 0.000000 
-0.019999 , 0.500000 , 0.000000 
-0.019999 , 0.480000 , 0.000000 
-0.019999 , 0.460000 , 0.000000 
-0.019999 , 0.440000 , 0.000000 
-0.019999 , 0.420000 , 0.000000 
-0.019999 , 0.400000 , 0.000000 
-0.019999 , 0.380000 , 0.000000 
-0.019999 , 0.360000 , 0.000000 
-0.019999 , 0.340000 , 0.000000 
-0.019999 , 0.320000 , 0.000000 
-0.019999 , 0.300000 , 0.000000 
-0.019999 , 0.280000 , 0.000000 
-0.019999 , 0.260000 , 0.000000 
-0.019999 , 0.240000 , 0.000000 
-0.019999 , 0.220000 , 0.000000 
-0.019999 , 0.200000 , 0.000000 
-0.019999 , 0.180000 , 0.000000 
-0.019999 , 0.160000 , 0.000000 
-0.019999 , 0.140000 , 0.000000 
-0.019999 , 0.120000 , 0.000000 
-0.019999 , 0.100000 , 0.000000 
-0.019999 , 0.080000 , 0.000000 
-0.019999 , 0.060000 , 0.000000 
-0.019999 , 0.040000 , 0.000000 
-0.019999 , 0.020000 , 0.000000 
-0.019999 , -0.000000 , 0.000000